2
200
3.318655833039629 6.513192128600808 8.1060850308874
3.4129568991393313 8.011252993928899 4.0480375081173126
4.536769450868658 8.594031046067679 1.4457001465300312
1.4869138765091938 3.537800468997585 5.2231387643212965
3.2658867809154293 5.312429663964347 3.97815720239549
5.574533424898085 9.488908559419437 5.799742837057854
7.7921644294566 2.454700925810948 0.13593541112366103
2.6586419403020836 0.49612741706045016 5.410906948070328
9.386705618110044 6.1296217591655635 6.606062647123643
8.356417658300352 1.169320083304134 3.1668289811571237
1.5644925435842894 3.8556210806291826 3.3802308714884886
3.07708122633221 4.098731643800324 7.329848359865463
0.7750045683734275 0.7829857143475216 6.810039084958368
6.524778547217325 9.978657337404496 8.739520109408176
8.232469691139979 7.72288843445362 0.035054106314754696
0.45725555061023493 6.6022060648298595 0.3894792993675178
8.448069632676114 9.571743150601742 4.142609722874618
6.208403069851847 5.7629120609149105 8.44739877214953
0.7971807854561519 6.793675917291871 1.394214909816237
9.41556418858936 8.032067795902284 6.755755783075305
9.628201831717409 9.92023515252724 6.581727432548553
5.256330250571408 7.509436800695689 0.08129087341549712
6.825778948891024 9.70304617556554 5.668371841625804
7.483872204859731 6.862059649229978 9.815684119634279
9.054108267052385 9.363899604564361 1.28033413244806
8.937866311446259 7.0074934092170205 6.783532280678611
3.143068387595785 2.1734560430942507 1.1428725894863667
8.876717807488898 2.7441284948884626 7.694392321894664
5.102524332309676 7.793790735983929 9.343219959898551
8.39677867548296 2.4060072772631447 6.585422058461935
6.263335964250574 5.974619978323822 7.337350152515601
2.940038163329456 5.490434778282085 8.435687057802383
9.09622184419867 1.4251659692852237 5.229021379167998
5.1015583787425 1.28491734292985 5.681978086904915
2.7442605874983563 0.2139715458671898 7.211203711407725
9.883651631633471 5.260702054507327 7.412195332865333
6.4577688240654885 5.6919733429722275 3.6896512010733264
2.551207083485316 9.702221915590385 6.932955179807858
7.521672791096279 1.5980441944972046 6.86729597568264
9.261054703288949 4.347665811954026 3.6737718658825793
8.339105789364726 6.192919154089022 4.1614058429223615
6.701087887433071 0.21201926325160492 6.065401313091506
6.848397578422873 4.572668178006767 2.301904194501141
6.708926023260119 1.0803388825512439 0.2729281597635902
2.015208144926679 5.926108661939798 4.211448418956774
8.965956739483465 8.069545678316072 6.226863387821569
5.712362105615975 8.704959165589031 5.532155879543346
1.6950552236176397 1.1792581952762915 4.123618905480995
7.675806400679239 3.3480939558694054 0.020319824806163123
0.2373712483634638 0.747419677998048 6.899678640513268
7.548604695721838 9.312656639646411 4.902899123840594
3.4472435698736392 1.399835384528284 3.654800374087235
8.282338912796805 9.279477431551793 2.9455840138124767
1.1202454279337892 1.482999723780054 5.735617470602133
6.686774970183676 8.176437656737365 6.533144137811828
3.8470481305282878 4.489383934328146 7.412751167073854
7.8780171392114635 1.3530618762224955 6.963661303903726
2.54840645203267 2.85997045259631 1.6064706301637566
1.2901665527876849 4.188424035837798 5.707926420693469
4.871077114019789 3.3603497459507823 3.8462254107309723
2.1470846105352392 2.5618548424823597 2.2263671527279785
2.0815801593269123 1.397971019496197 4.09000050034963
6.544280103304272 8.995164446014524 8.55464231090885
4.148861972372759 5.946725641162425 1.776087576213794
3.115051072949985 5.513067962979312 5.095615696065092
4.516310441539088 8.782286340745294 8.722010460193903
4.542361664443374 0.08596411541705429 5.563608817814045
5.380168801640423 0.46258305770355723 2.506152858452496
7.664895971568808 6.230581007875223 4.834207246215131
0.9609034686178997 9.711323343537146 8.64410459260233
8.692323447254925 3.357502566185213 9.420805056948346
0.7159333520747635 3.721105760002202 8.174539821815324
7.014926338488847 0.7721656645145647 1.6325711141097299
8.229555470929032 0.372795585168465 1.7630467401536232
6.533896219019983 8.953264575613462 0.21645469181785892
9.755838311995817 2.799467034811337 6.774915086170329
1.4621845054564087 4.53909461186186 9.840787150898398
0.3034067840365473 5.280247655208332 8.211452374421476
5.606825670211165 8.13138494864172 1.3763124447323838
4.551870881418055 2.649340753539237 2.294591661128882
1.5410061408242048 7.954586742230003 4.152161748760439
5.686344949552767 3.609748780555695 5.760874970116437
2.45037331343122 5.057086624466903 9.633221040148541
1.9310386184039274 9.254793208678615 8.62152151588807
3.2795242949368997 3.173871568533447 5.049088633835851
8.750950044404606 9.27228970462991 0.8871762581141585
4.941333339747638 5.745967872301777 2.0147058001828997
3.5617363762869667 9.628754850010605 8.264794924894227
1.4576254611859851 4.662481237700822 3.073880136339283
9.625062753774952 1.7406237379276823 0.42439999862399214
2.9922369830399753 6.9019772457796265 2.1680808680983144
0.4870969212412313 6.3162216393718476 1.5133440230821982
0.6780643858007995 1.8407040045047918 9.426700601329937
5.8120264823164955 7.11998995687752 3.1671950618369173
2.1333631181350468 0.09898593576303516 7.377742664775324
2.3349793138025743 5.136793949447337 8.425124381032306
9.658145620778665 4.5409698297955225 3.019694795173562
9.56773658115025 1.1103627858048049 2.393162035873785
8.691626521062975 1.6474516683485452 6.350026261736971
2.0880767927749186 0.6511084238597276 4.99412357159843
9.432586081552216 1.7612567036006521 1.4308528512902041
8.07520824953748 7.353577947131461 9.075325916547943
4.156376429956774 5.567743837912672 6.249210356094016
5.158961503620455 4.275175407358507 5.98512560586053
1.128873415209819 1.1214409705545092 5.203107365726957
8.662450296986439 6.19188106697777 1.5412673094882778
9.886579152709933 6.359278214059181 5.563951274855695
6.563699696811701 5.0935866940202255 0.2562428304924791
3.634641429231279 0.540841169680012 1.6236102478475767
8.702011131423612 0.08515487588654391 0.5092674988776413
1.5658211957519086 9.709684014733815 7.166636167766218
2.2240109000597563 3.2370098984020688 9.906793774359626
5.822280677568337 4.954033123481063 5.495093112478646
9.410644879830324 2.8422820427445172 8.793159272050001
5.751019613541317 2.9308124888248455 3.398847619414048
9.851764679447836 0.19134060384751406 2.293197636575041
2.0292147334498667 9.368341391390716 0.47566523440500164
4.535115442327717 0.4178011217483002 2.516393199937662
8.487676815609447 2.738465790036324 2.1743290050286914
1.4809400917192161 9.595336666241346 3.8481219143195986
3.212965082750263 5.240240677011893 5.315356761897126
8.865244629432294 1.308219582974598 5.412167796956312
8.27897313261921 6.010307950051539 9.936553189777188
3.511001339167593 5.9605096073706845 6.718205866114948
9.608340926319347 0.009231390364190517 4.757168426701456
7.657880529231869 4.55305119804713 9.710291089202052
2.6979442863326386 9.361496205440721 3.8411916107708164
1.1119689167905145 7.311505754435227 3.5032558653406776
3.8097855923025783 9.67657648074607 4.997343585723854
6.385544741951964 3.0038427793596947 6.222774730470022
9.621439252348281 5.770149144059905 1.7544876768303341
2.015296437196692 0.9971584288980562 1.8348917203609438
5.985118681515375 1.5526203502761937 8.414029018092208
0.7410924342622316 8.870168285941942 2.5389889109515797
0.4415141343253637 1.0648476658021722 4.566742127116049
0.07598890139294268 9.861846959939069 9.175192773883257
5.397613873923536 8.720234122053746 1.7754431428372652
9.534801311803315 7.584759805473436 1.7275322679440708
3.6743641031684304 9.853939490022128 0.9158179099607333
1.5402284367940455 8.593754422941531 9.045983317783751
4.571557837105519 9.373264141684658 6.32813047556941
8.012878194518986 4.750658560564833 4.6158008979091045
3.138852930232401 9.431501000781362 9.698779900554552
6.689102487134683 7.381062754848857 2.91696073787174
4.28213636148853 2.987683561195716 7.042822981209057
6.206456512140461 9.341462548934631 6.5795717025326095
5.31615027862968 1.3373832728283674 0.7204844262793497
6.452849959859335 2.009085415754802 7.185959884065354
9.083697301751275 1.2694801576576076 1.8598927371852692
6.187728192522373 4.421461987732561 4.823733819993164
5.628943526177085 3.5788509413943292 8.486135244264396
7.701383015369114 6.220781565204345 2.0772181456798355
4.311146278083387 4.997138697721017 0.028328595636242238
3.5649409819579603 4.435643794442921 4.371642665151141
3.193137980203151 2.0388994583876596 8.490532873647997
2.215654759219736 3.5400578631947233 8.86358665625459
6.397429209114055 8.23790285949192 1.571619907396743
2.190561153294662 5.590259137224076 0.40439031941632897
8.096919111075966 7.301412537742305 9.389938140139954
2.830783740485682 1.8217102171056476 3.5862096524499454
8.945761852535963 8.965835329151068 7.54089044453371
6.88698758741711 3.0028499495796535 1.2026151140858732
4.451499185061899 3.015904535086328 8.16318152336672
5.9156665872700875 4.543813408728664 9.400275058714662
7.278470934000615 9.846016724018519 3.0300733781733094
7.011773275884892 5.1463264433189435 9.742307471596202
6.3348257033333155 4.004664101143288 8.776847158786783
2.215140573105052 8.297822758522878 5.818014134824544
4.155009530387295 4.8730551689910895 1.9298715647559828
3.88939716976184 2.644902209730098 2.9823870987413703
2.313980219818985 6.582700728310085 7.965068424581339
8.129588123951775 6.058598088361682 1.4502057457410444
9.009918872432337 6.663406897521168 4.086705125555829
7.5292016995136155 4.700384003450084 6.055666462437177
7.483953101889296 0.01596631445351493 4.517672015379724
6.7432006253141665 0.6310217103384952 7.365026558931208
2.4072077392409574 5.49983490661793 1.9097948740993853
2.6291890318252955 2.3355278874210783 3.9361319715369483
9.899928905521124 6.685909995502545 0.9411105938530417
2.3359463761691304 2.1718265131372982 0.8881518449579484
6.440822544435758 4.71266164006125 4.533989097851279
0.632949827114806 3.236868271159853 5.704312439037941
0.9071704795465463 9.358494360399233 8.514830071068014
3.7256193961657837 7.874712605786421 4.560607836100459
0.5315912760305463 7.65629828576504 3.3978895864119707
3.562079085170745 8.26263442990111 6.268824570668038
6.187047691855553 6.97338783898635 8.61141646226997
0.5851720410763628 0.7837744564218374 2.0509393258195887
0.4792171685697455 9.400866194683463 3.5362902880287503
6.489001949737317 4.652069338370335 7.326020498888672
6.339703286787745 5.574118315864391 4.682073550585414
2.866858744083942 8.264724221043112 2.0858409503736164
6.723611652626528 1.30754563929956 0.01289128410825957
8.845221017571104 5.630669414879069 3.450982953469399
2.5133058911304285 8.392556524455753 0.5296861342110615
6.638553641176388 8.915338376830006 2.9184830939231143
5.553051404341529 8.892624922009638 8.733705904728637
0.27757178885663536 0.45157015504587283 0.5119484392347962
3.966792194863081 8.68117365384369 1.3999232408950035
9.998927366812824 9.636018112849486 3.496329890971408