1
300
1.3517310200236687 5.3945489577601835 8.465698298212583
8.823103308454332 7.244958339883305 4.725532824449355
7.691532336946361 7.31600710812378 6.502972861523062
6.366671279102263 3.245444999557787 6.494756074858714
3.373313651989107 5.830840186910487 2.95457688460539
9.197163536899522 8.623318068093376 4.734746513229558
9.537536972114104 3.3007987175474316 8.092373767460286
4.423267934393754 6.350261838419456 6.3134070958689
3.0325856503647963 5.722194435933362 5.309847127212083
4.260821519530227 3.273319468594509 4.324061513131335
7.021073020889962 0.7491426542826785 4.801727527347409
4.759048851512837 0.093230179796574 8.181467337619159
9.220491872917565 7.162670613304045 3.9102475337195255
2.0254683698523546 3.7256775808169595 0.12425509913222998
6.705014562066214 0.7566458457201175 6.741712886329845
9.784976664246805 8.689179627525315 8.643076515467385
6.157162642871596 0.0514677528202534 8.202593426834907
5.891014562577105 4.22410238223308 1.3008028783687264
7.371964910462177 0.8367046608135809 5.615536555182416
5.274915134467811 2.6061818116629123 1.8482878164619765
2.8794473778279475 1.997269681974314 4.40613739394842
2.392694878238939 6.584703393096704 0.49188492846933607
0.42980260170967455 1.3259381148106253 5.823192076082707
8.84455572621622 5.528666576926993 1.8812276201627054
8.414188832448316 0.7184023602412948 2.5595605392464114
7.057852337896975 9.15110724831312 4.820630818138884
8.176276293918136 6.1547889059494025 8.737423442554134
1.0146576859547218 8.518270121530247 7.046502679691633
5.677702982996459 1.7815194004215962 0.7391467913491712
1.4644384341191197 8.321300832058732 0.5567470796405594
7.655497603553356 6.026198703804267 4.500447373579146
9.103659653181598 4.447063173027822 0.04543420307773549
1.7610716743913613 4.531289103928492 8.302081680770259
2.258979022046245 2.053853159244099 2.8249190071141506
4.177072051773773 2.523783267895122 0.9346387001657896
9.829481819153532 2.4281931428224865 1.2647093360416328
2.817494965903138 2.5108301727547033 6.9717112617083545
8.995275929948562 0.6303128637232291 3.0171574271788204
5.843997849846358 0.5869449768940693 0.342019831932735
5.5726097417387646 9.55687081743264 4.1285688891401
8.26209331245727 1.5574037514998407 6.481983396888904
2.1961238637737335 1.7572138894359324 1.2635192180137211
8.648352880320214 4.143877561231454 2.0865348678939553
1.7623096734959287 5.800016127697653 1.631650028088687
1.4261855758686903 9.080136718860054 0.33618765155620345
6.018843015499452 4.835265870683334 9.45039943055172
0.8441841695435448 5.484432804540946 1.9097321956212276
8.795095701903339 7.3357737717127485 1.773131574587219
2.1772152555982283 1.7863186328614844 7.010497397173612
1.321440718144481 2.90494640659651 1.8478567973061066
5.394899475940179 3.1833357355037317 7.924617296632
1.2793322107732008 4.0444979858959575 6.6538361370809636
1.3221314630331826 6.320074689256398 2.6457115199421946
4.77973184594378 0.39685117465753206 5.417200204223388
0.31785298343428914 6.050249943987881 8.1640824601674
0.22212187911114345 8.190693415726535 5.476464163456402
6.856180007943077 7.9119910845788795 2.9209830820951934
7.996762668083875 0.37179891020793665 0.31733194486345484
8.711713957329128 1.6867102100932208 5.429453129003941
0.0343951676752996 3.610796115158977 5.6051482759878635
8.300691334142877 6.210525842925506 4.391209289136765
7.274398912709872 6.429831107185054 3.0131036943271052
3.152585046972697 7.770952353549058 1.9913417599284322
1.927381855239324 7.934562700755949 8.194033833848751
7.4925993121101095 4.975811741256387 9.095153690743983
9.882956927736675 1.8988841643394516 9.711213696282634
2.9827416012568433 2.170193951951757 9.439128995851739
8.408410911244342 4.518231637147832 5.6856025433194
2.245064376503152 3.2637177555111343 0.7042575703734966
6.268266456499616 2.2830529555570713 6.60893242414419
7.791243192366882 4.395925133295612 7.657043617750467
0.1562531702404546 5.855507374867392 7.707978726914261
3.2927125937147594 0.11280394985623277 5.882489200974128
9.67657375295026 6.257007803509763 5.638215630003377
6.098563753361881 5.771291038872381 1.523944108350136
6.565982071502558 6.257809159981832 9.566468281121342
4.866644770220573 2.569068979914614 0.8654727402674733
5.1562114299196 5.737262791002884 0.022523794407878217
4.907781083855247 8.970661444918314 4.4905523725559195
4.700597535735456 8.558122234286238 3.628095981666922
5.113510259047475 8.14315861659496 0.5425249621929851
8.810968965341173 6.742638794367052 3.0359387823280617
3.3727461072016474 9.319997068045955 4.682025611867559
8.271424054860507 7.493171069668762 8.438926741118712
4.379580775353995 7.491961826883289 5.538121778413824
5.533622454375578 9.875403325787746 5.863927259727054
2.3590553191518504 0.4126411778946537 1.605397893126027
8.59155299224536 1.2565302447922677 3.3924662320946144
7.124899994861066 1.2512950917960775 1.9397059723390275
9.239093144702107 2.311207336056836 6.412371314014081
1.1365335855795755 5.1986760385350745 9.910555489130402
3.2063755163152874 2.4906814401237396 8.183457120000883
6.914224086626799 6.518635699276909 8.406639155435702
3.8452173230731566 2.1800853475499116 0.29625142188663856
2.84232371055269 0.7470029382580556 0.9600650646984366
5.102507330215477 0.6989089871291121 6.134899034526748
3.5506116908182905 3.4946320298079723 6.420489446275569
5.915134621294767 1.1524207348072146 8.061629144944668
1.6915768369360296 0.3578208205843303 3.2072938671524645
6.031181286341321 9.708321128669747 8.777137654187339
6.974159655953675 1.2393848612417324 1.399739217363779
0.9788063376515077 1.912919932271624 8.954348031871739
7.188120663074683 0.6191894134631537 8.563924486090066
1.5544406421223 6.403177560347197 5.786385667626448
4.0425238274047235 3.3842593509064534 5.302387449788845
5.092200754618055 4.0122835041771605 1.2461304533104112
3.800378079051522 3.354884361938889 4.057087940981025
2.9322401832446765 0.47308489988580726 9.556048309573143
1.7415018989514741 9.962250521239419 5.1778102712268375
1.171189783462061 4.330396737380661 2.2635208237852646
8.718196878961695 3.2017617013016175 6.132992044401185
1.9158217809625488 9.383526236404942 7.277749807940524
3.743100467852578 0.2796965088896852 6.9046355991790325
6.053226194818992 7.066507681643222 7.837385350080874
5.394144208575311 0.7833709047588078 8.958055615552293
8.89749900313392 8.17656624251527 5.449965215284771
6.535144132926284 3.9493919297243107 9.064278849160045
9.093375352559628 2.79099952518488 0.900445501953856
6.59820767491269 9.112564220984405 8.000205369632873
2.689250243199177 0.04747834916320137 2.2106818528217467
6.5906266887695155 2.8399249875352184 8.550174161708908
6.392299244352487 6.65000356177802 2.407592954646307
7.677735430168599 6.959372500655894 6.04212644769098
1.462286235865503 0.9184187106433916 1.8065310672653867
1.226650366255888 5.768326593933603 7.1006308774511275
6.482306129097884 2.3082435475841523 4.6384893259325
8.614842580290187 7.461429163328165 0.5849044637447653
9.077025345737312 9.443172597056362 2.864342550779285
2.9219282352568365 0.2728823902952726 6.468631207683223
3.463587043936187 0.6471367621900748 7.264231429239818
2.311394865083798 3.232739277876684 9.344632938354433
9.167667618680547 3.027381018478602 7.922091874237608
9.918477106223637 1.7502269182872365 9.404778153325253
2.186284871690863 0.6043240796169325 0.31961788130135504
6.307078341995709 0.6426102192945315 4.2262039849446005
0.9178374187545957 0.5365526348718908 5.904728640111816
4.9272645018098125 9.62560716398703 4.029993478871237
7.11505360613291 3.8474384697171105 5.419827610084526
5.848948659567808 5.790071504873152 3.777636321778016
5.473515958303948 3.3895522612550586 1.8963850914267288
8.68920901531068 3.047458678996212 0.5124552912668734
1.9912794704853432 5.2190612543265305 7.195076661401291
7.881247631741396 2.9901299989658936 9.684943811184237
0.3867622134066795 8.698150271276576 9.663982356083014
6.012082934464511 4.857219011174141 1.2386541025048425
1.324153730286891 7.071459029873298 0.9890967847650745
8.11216406456751 3.316720488674415 4.361674611709975
1.3684788978446094 1.0136063542360185 1.9282682479937374
8.710501074891578 2.2825503550096906 8.881339639498705
7.095302689580539 7.728832349149472 0.3770334832797795
6.839606997014773 5.913230060642479 4.118907673333619
5.950749148412963 3.079152649294171 1.3568346017675204
2.6203195596413265 5.936924702548448 0.9175222940241035
4.852692873338662 2.3714488213161387 9.005635901006753
3.680949866224801 8.384985234713957 5.770621447234961
2.4190343025528627 0.7626319878298193 1.6696757212642899
4.540412650962139 5.280781331602809 4.2375747835619055
2.5980495079180743 8.630174813665853 5.643370778603895
6.752093892774248 4.629112208975288 3.8359944703506366
9.571789735443964 3.056436969657843 3.1013720619831764
9.573935448783127 8.70923441851392 9.511885742424537
3.5380389159711645 9.111556950862502 9.150361128890637
8.179092077563254 8.935693173124342 0.7443434238687097
8.499818952430667 4.682286371234153 9.754989708964967
9.89781755267687 9.878575391032369 1.9443909571815021
9.8729806244245 8.942751561443137 1.3378154964456557
5.100961029038108 4.110155436965569 3.630032429447337
6.649955093681907 6.4262651458988715 8.111309785293146
2.4833771769994764 8.768578852822467 2.9427107468721623
9.337874930036481 8.232233424453039 0.3838768614841015
3.5352066631504773 8.720352250682975 8.42384273878949
6.947421184326146 6.854949584161044 6.123013276070362
5.722585089573831 6.299887134033271 6.072507671226905
9.189039836371842 7.086362784388721 5.607592454946763
1.6279707933530185 4.362799778448558 5.003920798076277
0.6984888189700433 8.526320237461514 0.9269621211969281
3.2836462419374577 5.08551317603907 0.4390678927142255
3.7456777691286955 4.50352346694935 5.974960742921608
8.898601834609227 8.071062022868599 6.163570377197196
2.3798205638048007 2.2095680325756417 0.24873592331488448
7.82621092835202 6.092769609228018 5.352005100923213
1.4491928881630056 2.0866933536511856 9.72078984734348
9.11384521036798 7.655280924351544 8.084789901289716
7.2431425533004115 3.9657777202577016 8.052097039266764
7.450665724607985 1.6266941428782455 1.7793715393012788
5.694113897932236 9.071940167703758 0.9173560557460536
6.3897328063484675 8.865370374659859 0.8756028526476434
8.923666794050916 2.2168733064606014 8.902073071967722
3.937592978596566 9.118309527623477 8.685353490930869
0.41297482895525706 6.6644838652816265 0.7056249000270698
7.0196496526455885 2.811406645826567 4.535863878766399
3.937942233689087 5.143094260515355 7.86386127842461
3.9526354913816264 7.710820837031759 5.871120833242703
6.5635360156125095 7.1056044973151025 6.2270574721559155
3.3649399847654915 0.053264324099501215 8.460365716696131
3.091580718574072 2.8996644139985204 3.5507740097441722
2.4486341630548503 0.5841184137729916 9.401286447897114
9.270234146880835 6.262811190945317 9.053795333382457
0.9198071805468244 4.187559399088435 1.269716413518024
6.389573036740863 4.231206082758511 1.1629645568658187
1.4910560977499732 0.3427227298264146 1.0988279118081423
7.412770324256279 7.842338947016207 7.11227591303301
5.3751578761328345 2.6134825058309676 2.3785906667159695
8.051669103433618 3.0878419998641804 0.024679766957564908
7.664363055027912 2.614567039353528 9.92920760361422
7.933260047725708 2.5671665173893174 9.730105442644469
3.1564217998270894 5.450114590436464 7.26760384107588
1.6825700293769497 7.809819225244015 6.23131096137698
7.086116790885928 4.267787557988655 0.36982421384663233
6.049381499401444 6.845402867530966 4.508272319192211
6.49827875738116 5.30633652203229 4.919197886382096
2.5314382164244353 3.347879020246185 5.558522711070205
8.86225744222991 7.349950224137267 1.0738161458589113
9.914481518354526 2.573020385740757 7.230555504252308
2.644606695215812 0.7704611859706001 8.309566174687243
4.097501573452147 5.824485040291671 4.7642614997231
5.561127697093111 7.98891023816312 6.28762765720941
4.056602754972091 2.771557770503459 1.9692482393963306
6.224863386880832 5.090227044320508 7.2177878399822735
0.09829364210586444 8.51642013307426 0.8304528305204151
2.96546127813936 1.066769871647938 2.5696397314724773
0.15692521329503162 6.755558914545316 7.931078482064221
4.2584980382973106 8.554812579858401 6.919981999943904
0.014333016275724919 9.052142860303578 7.544721820810248
0.9806913676603513 6.488156888083876 4.382561972577239
6.394117538117847 3.4561467205293073 2.409478047688488
4.5768827249275725 8.5690458028592 6.58043080228472
7.058816043982903 9.267692711449824 7.113479441246052
3.1345785155729966 1.3113242930567814 4.095162439424373
7.6846190911364705 2.3962810901496265 5.469115048593041
0.7276464791575543 5.325994778192578 7.333264719634361
1.4931594283960103 1.7528214732760161 1.2262352865027726
3.597293545694058 3.895325246551246 4.8293162425904725
8.689882853976584 8.619881519815557 1.6858715141490566
9.639179290250397 3.3376476326088476 2.1674411018394837
9.718996661937108 0.6444182369832852 1.1570151494267666
8.08273569911628 1.5387898239633235 8.426234117750438
9.440130105753946 0.6211442140636125 7.4002123112348634
2.4734711669454335 9.874399439766515 7.7843878158756254
0.5244939520874159 8.687184830372466 0.09227368616761877
8.36100661381088 1.845594891560719 5.581126771968527
9.840178297167927 9.002017715679928 8.51415712956494
4.183336369078171 0.5925818503074654 2.591826222087584
4.247624714907829 7.981914506122031 2.9157104313363047
9.418596885647212 0.2499828621216127 0.9084510917884836
4.1764236985771275 8.20494374012194 3.8718356940295937
3.315465652098357 0.2952899483946114 4.928926982845154
8.441297914196726 8.179609680553426 9.15891255785325
3.546989832094395 1.7684496663239457 2.3502759685337518
0.0350720566353202 4.224612101491225 2.710867681055107
0.563641840437874 2.8752691437779565 1.4870934913242584
4.885009230322558 3.155071967248716 3.7427645462400494
6.822020757930706 4.117991683518403 1.928192575945652
7.770231236246884 7.696616900760601 1.5565780983269384
2.4768410369214333 9.029647685575773 7.697306275628264
7.484943811641523 5.406483609569667 7.488076031100901
0.5554752813440933 1.8500629558134607 3.3645898392856974
6.826487896138279 4.192543709837211 6.2533213848665605
5.564834163668588 3.314813172643846 9.599107262605177
8.739228140829265 6.5778938020700135 5.164902707851041
3.3570481943859933 7.096862216056191 1.562001787844809
3.8241145554885767 1.9201561317103977 8.586957655541719
5.8192960997990895 3.5257446664701653 0.38793605399570663
4.017294864525978 2.589409762704248 3.0785418060801173
8.438926973781626 1.9113330664485684 9.3296252796679
4.356062663379063 1.3339919999462557 4.149782979111104
9.381317068306931 5.2376329875440355 4.456679687170989
7.912086052242408 2.8852876139295356 0.856205900831909
5.726903976022367 0.004528245834704014 8.084000502926923
5.92441353602815 1.4058208748594758 8.73399005801725
1.73660117533868 2.6386323156907965 7.303929345086115
5.371090531533343 5.27300590900608 3.2018923016334657
9.211059438539404 1.9437534655953248 1.5262321129344525
3.359981384803442 3.4860534616665095 4.611993090768075
5.407533994100826 3.5111043493411387 1.1755852257642507
2.196973746772909 0.7267948347922337 6.927979170036624
6.775704395418634 7.572170607812763 4.511022695595424
0.4222654908507273 5.806334141115696 5.571721491268421
9.636681566917243 1.384732471374155 3.7380858194183384
4.830825184333274 6.366987479161654 6.55059878712621
2.4924046597068394 2.5453093803290097 3.4731803872062352
2.0679783814726727 9.73019026352307 0.5222521423685744
0.019184127441541632 1.4883970239895328 0.4506844601056792
8.090814178215041 9.601946980132697 8.151849164822062
0.04155601336352954 2.4521968044195894 9.86515444035757
1.1048825181452693 2.8527520404919606 9.869911357372859
1.4418903286689932 9.168718829409624 0.6108288866212663
1.736308665111037 2.132217838905117 6.065427436412294
0.5471146428347473 7.998585884661049 4.084536918548578
0.6136881102851344 3.982193433755612 6.687249571377945
4.024973242639266 9.921696656098305 2.2908480194560497
2.362282137201878 9.166934341933986 0.23327549952461224
8.665733081201509 8.177024635322034 4.333370710937819
9.624277317868554 0.9046939278440147 5.957053122461842
9.037157758006632 9.099874692774447 2.565785328823571
6.201092273172247 6.7904180378165595 3.8093540443066134
7.265686625028102 5.233274876859443 2.7514813641428235
4.073540200914996 3.6413509981072947 9.870822467023652
9.968582460930843 6.710996881244926 6.551362384734577
0.9184865900331562 8.942276919581712 0.7526658928678986