1
150
9.390486519648087 3.836680391645353 0.475697717684207
8.750417926718319 1.980599233785948 0.998546813758987
1.8224441889028353 0.8624493385233079 4.576123743501345
4.6100570726002985 3.5173513859454184 7.76812009393789
0.49253758109520374 2.4566616376699137 4.959881180130081
6.959626726830775 0.9174673908362774 0.09754555627725203
4.641952214454546 6.759885403005733 1.4342913812519853
3.1407763691598123 5.291655872843625 1.202360362407321
8.638219615709811 5.971784378062663 7.149155454507971
7.173702062546676 7.14544927230232 8.029231591738425
5.031807291791277 9.84001295470056 2.462011474974547
6.153964290898908 0.16781778802385738 6.215439068246068
3.157435435734298 4.280885881994367 0.9125072848960325
0.8821842112668499 6.57937754946336 9.800227232978495
7.408523675316113 2.3339336462025706 5.948875545571047
9.283831448471435 4.011110425651062 3.190058101009142
3.0919024474061785 4.953713815331068 9.871801104905382
2.615867939690207 0.29141594428329753 7.264290680434731
2.4586763990557534 4.684573375979007 6.785104533523113
8.276324006851784 0.9885891551451786 2.129497055741175
0.2875604390167519 5.119754949940384 6.7565223076084155
0.9604774751240641 1.5816143668756821 2.7742511122125912
5.169517281496808 7.756293605446074 0.7020848275456149
0.6404297300845796 9.92737026873954 8.095326354800672
6.526217139728063 7.931353645699211 3.239562091992445
1.549570034819211 7.688593323930091 8.7830492354908
7.227653328136663 5.942493126147951 1.654315333901396
9.164425270921143 0.7346413012025887 1.159138888236626
0.5127803460504632 4.161118165905871 2.647539472409263
0.697248416672045 6.595377683123409 6.014428079989745
7.536709805683436 7.3610778892299455 8.373957588164627
0.4156503899804631 1.925238926213133 8.024973920526314
7.262935798757001 0.9877497546407477 9.823918688807444
1.2316590120682314 8.926410660225566 9.630461181529146
4.302155932892969 0.5405730234119144 8.482691641683642
3.4615472751930296 7.812400235307479 6.004505076149668
7.602146632715925 7.456077704445057 7.745447894082601
5.9281395940553985 2.910296676184556 5.567240327523249
5.266241179048157 1.1500365384081301 9.3365977373117
2.106331585627429 4.864553439850688 4.489947710600682
9.090368496298764 9.466217148453941 9.252208083918628
8.716271196192608 6.798838613324431 7.891692386138396
9.248254614511254 7.413826766633324 4.008302258728083
7.931813352031463 1.115784026622355 4.4700379112026125
1.7278857029952055 6.453409311720194 4.448830949890773
9.547980776366705 7.986445469482966 2.6516296808410877
2.1550833869845762 8.877669078594293 8.476635962072454
1.3625185572788412 0.3398736659092694 2.9723178883300037
2.2761936818567117 7.164247213178826 9.969204436093662
5.464232281288149 1.3650105830203851 4.247783402948039
4.074317099714849 0.1553509387443064 2.197572300160643
3.8444058957214953 3.957582132054478 6.590365183040785
9.943866038190697 3.1166260209612595 5.369254932676864
7.98573140314227 1.1778664426503316 6.850706348124924
0.9469055075357535 9.185774472840652 8.771232701380518
6.033116397312255 8.344098390982992 6.467480334132474
3.540860258279398 5.449900287651166 4.422160196244422
5.478462839684415 0.8024462608356864 5.817077103914523
4.638644063651175 8.367976632207132 6.398249662367689
4.631827806621076 3.3383598119566615 6.2587470999738395
5.995732107616519 3.9283716349199427 5.037609631288808
8.607769143220736 3.494791301430691 2.429069160473106
8.989528589883774 6.717126911735724 9.23480828491418
4.200433627296825 9.328203286765001 4.6812691296421916
6.358747763449256 5.855369522742104 0.9114969923458582
7.395069656596337 4.170065468601293 9.587102667670798
6.617286556738583 1.8973926639460614 0.6091937064716624
9.876900713954452 5.295072912048827 5.287772786358031
2.0798890430642403 7.586828550382974 0.8346957836670432
9.729209118716449 7.771745231507068 6.330422756595913
1.8861529316525538 2.637966160371464 7.353686436466582
2.5083054419378383 8.649281604710042 8.061661949067874
5.454275011933981 2.2024072514917306 7.849333069176044
3.4598164901149686 3.698179936613654 5.241599381417249
9.524232357704957 4.626423380880502 1.2341731957028645
9.183185204237962 9.571583095398381 0.3319975347615667
7.668528524096794 3.698832583689784 0.1382409741455004
7.412944953623142 8.10872188246869 8.910181222517767
5.882547801609056 6.498987344581318 8.625842147636929
9.5884835791492 7.89908017175378 8.344767840941351
1.8601389451016115 0.8142976815170966 8.668035951105168
0.8196555254072568 6.722649370602744 9.687370754630622
0.7761458791058862 7.010152737115707 3.1868604133219347
1.9835114488257888 9.353260367294919 5.602203832669356
3.017882037140599 2.274376615604691 3.1785343754536157
5.736094946201105 9.952618008471362 0.9577434132772289
2.232391158403557 9.864520013486715 8.322938706455284
1.8899799617692126 0.10521419578951141 9.794785579539237
7.404878737486728 9.869065718792573 8.120986351205111
3.059011558083692 9.88039042917294 8.085653668667627
4.2938529943856025 9.031580847670618 6.714207679942389
1.8413088103278163 4.3078587300263695 6.800977416375051
7.476888602668518 6.327195788994439 3.5948671968813715
9.703543854111198 4.686113649164264 3.0631304362749345
9.282945612138047 4.639583670433546 3.0918431731548655
1.7160517407227371 8.297252175459729 7.8176179712934815
9.996945641310067 1.4486077458398583 3.217741175343493
2.410503081330183 0.683425631503557 8.692693731092046
0.6327565303555815 7.757499856921717 3.80539774176194
6.2994182765330065 7.6748550141418 4.209283681496729
5.213466188181699 2.3861167482135404 1.184966184357038
2.488267540256542 5.091187496999615 5.8826682135803505
0.5232589989672864 1.5245053625252158 2.5128054602334626
9.773516598778617 9.429854497468998 4.127832754165759
3.5724699661544768 2.3384345359545646 4.535784997295115
5.569791194175925 4.088660295430005 1.3142107392381563
8.134368802264989 6.174275699171456 5.553549405674588
5.831080399409716 0.6454366487021101 5.353732051979599
3.4755711445680926 6.221863728154011 3.8396072574169993
1.1781259764062968 0.5544505777836539 2.358407912527479
9.337077082120276 6.526789873595034 3.2314906815469002
7.039083038979016 8.15515738850463 0.1486530166098221
9.073913498809137 2.1327093697918453 6.1510536067037265
8.544240430987767 4.180573557116901 1.678442963147736
7.091149841064322 2.483227134374345 4.337374288614731
7.947782662322225 9.775325660389061 0.18421803286462035
1.0042382363070024 3.5940042053794197 8.154599087508966
7.708814907300351 3.381492733462772 5.445967981474232
3.702655184924751 5.959927440272347 0.7820523862677908
3.2473859324998733 7.436584389361282 2.8246703818000016
5.326790490140488 9.699274441664448 4.929421762641856
8.46508101395257 3.584013286077669 6.532460485386934
1.416841042797684 1.5352854326796095 7.189962108297583
5.018653514111055 5.672628463769986 4.191626450867107
6.715782101324544 8.322724162584999 0.712320200835066
4.162661150768727 0.08742212827680951 7.405487078282762
6.581657535821169 2.858827524328369 6.7184319466099325
1.805413912664252 5.496280520128867 9.526963362209296
1.181649164786337 1.5593472062653435 2.421339127130696
2.792760875469007 5.724279531141594 6.766428931805497
4.814476109696716 2.584623632131864 9.221890457212966
6.856094071227882 3.7028962738969753 7.3952870236545145
1.2703541265796847 2.4901209687159476 4.5249997827051285
4.1129504209542205 4.030789659570148 9.210374385110265
0.23933016237329685 0.24156572162449486 1.1710737268083582
3.4380137489672014 1.0883470572089804 1.2303106284423915
2.7884997862579572 8.236579678662482 5.10180256256004
8.845170470205119 7.551685789582266 8.370517630540741
0.9342626636960927 0.04094373507774307 8.465843565088306
1.622330181718501 9.953585778043745 9.629869263640366
6.644038480912194 6.075698189038642 7.631930758495688
4.193475555898468 8.25808557244416 1.1285454794804528
5.238135741732868 9.147133309424545 3.446242419842477
3.369164322804179 1.5900735066294913 5.642187483365699
2.3708747512415576 7.130164349934618 1.197854951352153
9.07843550377149 2.8477874288741445 3.5291359920203513
9.51351826458876 6.40010845793995 6.0099254863592675
1.1115769698317113 8.200106164357656 5.0614009281435335
1.3216749582386589 5.830755021362633 3.3427985481566624
2.5729905348071225 9.925993081490113 8.03083092577748