2
250
9.30579607920749 3.1864435063743035 5.389079438889138
8.727814899086855 5.059787063648021 2.6856526641092007
8.996775382550874 8.466743342593107 5.833812455782792
8.745483929566767 6.647622642004145 3.504724512202798
1.05022957913944 6.969619933333383 4.086135165604289
7.866139114803007 9.283284886200821 2.9608266900501023
7.173182437149052 4.315126584797717 9.061549993781522
2.6883549576231713 7.884506096457374 2.276740477003456
5.620455723835485 9.86661145397358 5.345179543571476
6.548822970529312 4.923589098384444 4.586128567882245
4.239185653113033 0.6989486204980389 3.3905584299195537
9.9476262080497 1.4586721554284 9.206797205130039
4.200870337205103 3.7722243163228173 0.6953406527269357
5.390842609512971 8.787408492589151 0.5956309662740122
3.826813067848036 7.949242374670389 5.189739438318891
5.101396343752967 7.413709597445823 7.548349217653025
3.30661049910705 1.9080889007951507 2.3985649602555013
6.3082629661867395 0.7686553718218303 8.197514502202457
5.185597146098432 7.26336749526299 2.14644654172756
5.055866468522906 8.680738095415757 7.916812616850885
8.515692992074877 0.5969600367348504 2.5842205929763784
1.8614088849112087 4.020507896663243 2.9464666755124425
3.2534116006562686 5.1054288210417 1.0073186515248689
3.988336657662721 4.791470209346183 9.220317017720083
5.546132250889783 5.409355933125383 4.667799236961602
1.7183280761179565 0.7125045812377551 7.025055315124769
9.139149065876843 5.171630168428418 5.872709831859597
3.629949914604569 6.015627006384277 0.5004242398862913
6.396241314021807 0.6873593698868186 4.903750689851258
6.586145808044758 9.713918256168878 1.0588168544064713
7.959079107621561 7.9068323139646495 0.44651282768937484
4.670348695842889 7.393841739967833 4.245253435726224
9.44795280500994 0.5226646675035207 9.510380111743165
1.6864194574596936 9.038795546980024 5.774569929618973
8.869106786001865 2.099595352259409 9.449810824866482
9.76367308771516 0.3500717305646661 9.090967009780481
9.552145509164603 1.7757301361570244 1.3301246858130367
2.0166196941327397 8.319695098638455 0.133731167309612
0.9730486968903629 6.061504954477817 2.1509323731614605
6.750100286117897 8.717929549149272 5.618587849268412
7.17159749335742 5.670146626847369 9.451416971997745
0.24338208139096706 4.946287929945646 6.33216961377687
8.562429431517772 7.312597071630425 4.646126165057074
2.279385832886497 6.103234403744777 3.18163335349696
4.651328613646174 3.8811130044195394 5.618737610218663
5.114184215572979 1.8116371054192515 9.255409476910433
9.856198168259239 9.548209151354444 7.144212444049012
1.0326350876149248 2.5304805706095204 8.36606939548894
2.6177362164865015 7.859165042778353 2.595341875306134
3.752624250752854 4.853099809173042 8.612751769763268
5.0591485070496915 3.9536045230471895 8.065210239369923
4.185799124402022 0.2838019764266575 6.787596794394299
0.37707129157351194 6.390073999882456 1.918545984587564
5.118487986270161 4.756450711586632 6.04615209655954
2.1457200067292206 8.661230419353153 8.25707395869697
2.643153533455056 1.753409385403567 9.472309603176502
0.9904354629374146 6.089096784939571 1.7003400759085918
4.267309577623334 9.31095177963379 7.019456307863775
2.3012503506939694 5.311484804560191 6.066325491565436
5.891285649983198 5.936365382658842 3.045267097456923
4.446627341761346 2.662522672696693 9.276491022444402
7.835146425461977 0.9597455299026814 8.24086686401835
1.4156353287245282 5.281387093764178 7.367494031396829
6.083880460979097 5.015950221272373 9.367549111096759
1.0358053225811115 7.341732529655204 8.595187975331282
0.40280503199337514 8.084083840296008 5.756269176037797
9.424745396212206 0.18655613240309843 3.962927467323615
9.164861281582642 8.156767555595065 5.115869022336038
1.6460710797039912 2.9047422486302232 8.261672090324895
9.059766075670058 8.49154413080399 6.673320084356136
5.632840817075824 1.7404236271353501 9.008676344230459
0.47220705465450763 6.3031237463495255 5.089843464460509
2.261723647613596 7.147482923462953 3.118184962812809
9.591579140756195 9.447531677807646 8.735965252230297
5.424613074738145 4.970617856337682 9.303789537841393
1.3370339589698654 9.356109847420216 4.760528593370114
6.436070613451323 8.551817673320647 0.1389596709358487
2.2555092886321813 0.3959971982358945 6.666314850696029
1.9883754829468958 6.145974767361385 1.39950515667011
5.702294466039609 5.630203986660894 7.739847968517523
1.943327151671277 9.21957764023433 8.257868479654238
8.087730893417794 2.259451819621475 2.3255740522636237
5.822312267540806 2.558646007125618 1.5414589922991062
1.7327104238502478 2.953101531154031 2.454056197425235
6.183269744435221 3.901652565266768 1.521734275492792
8.101387081313474 0.8899900520084947 7.3179922096925365
4.883593385078514 5.534289145665847 8.452173246320207
2.7723278535386378 1.1728737143387091 9.345394728538993
9.2189570396175 1.1484453109318826 5.675198549625044
7.588340975049118 1.8621815913577355 1.6715581508830013
9.265540255094415 0.7093419547074764 2.892728925249525
4.828342338814076 7.174442910548856 5.404613175439554
3.5719678180566694 3.242759722473394 9.933437640499935
6.0284656171615305 9.355328352742047 0.6764342845986859
6.250933391359287 0.7178989031071159 8.811669194056309
4.019606194667009 5.782756243689643 6.753046400030835
6.081246052745315 5.648461299223996 8.286898501845185
9.838832215881443 3.3667223836507967 3.846890376480181
4.489931340597202 4.971719706759612 7.695813362467991
7.125507220745306 3.1429278331790544 2.3464496538902404
9.25078658807333 4.218012398113901 8.207626753815196
0.36117567932508643 6.929189948652582 5.294761619055736
9.888968164289548 9.195422617539005 0.48181348738300933
1.5056566880661937 3.3180105664280237 2.6638150845750164
7.568033851394384 9.349251227500533 9.089642524118286
3.0895252901298855 8.37533223778159 3.562218708493381
0.5723820419973236 3.7949217358892517 0.06891474518290308
7.233105052434626 3.932952333142258 6.472901548665851
8.269006490557844 0.6665476211415233 8.156214884596608
6.180913198704367 2.9975317978324134 1.1589122736196178
3.991425467004859 4.990691065383796 2.0925295258184073
4.293561854702368 2.7186763476033926 6.430233353832756
5.957800674465101 3.6237381950854566 7.904773271363261
6.770579608184707 3.6969178199640815 9.683305161525421
5.905688144709341 5.9384496847023405 2.1748711417192714
1.1503607121142179 3.7731204883823075 0.3768327739289956
6.357268022483396 0.6860034873016985 6.435588597350954
2.529116552768278 1.3961372116428494 5.480287860105465
8.549865387035489 6.788379131340633 4.363037288493351
7.859685100750214 0.25645996036452345 9.731966805682196
6.274303441113037 4.445120028567736 0.22324068865998692
3.2525038701333484 3.109910228965621 3.296925722533034
3.824184606898818 2.799997825347713 7.896568953713308
7.242820758756864 9.075629078153442 9.365713196155426
4.607316224864246 8.157283261098334 8.040289469535093
3.06700787844266 8.62399347046087 1.3454556103863635
6.809703072695552 8.233337200183135 7.815657908441479
1.3819844162179595 2.8886438342581666 4.747151931274802
2.905104010589359 0.7649647295641282 4.830446987189896
8.059427193328371 5.727315079458468 0.5674217229486045
5.3100724919313835 0.7780753992546996 9.227810050552725
7.903528826898082 5.472125627408467 2.018516801312469
3.605483443967139 8.474029927799855 5.353945842146329
6.809189553928642 8.873684535856434 3.715093527372785
2.459262441923309 6.760803034089172 5.294915498157974
1.147098556204692 8.145810518722024 4.936651006663045
9.638677118271591 3.404612024457051 9.390687367965189
2.402314760423585 7.018621529299766 6.126086657349234
1.7101220572186726 1.286608470382572 5.184320216787773
7.391572415654885 7.5357207530782 9.351627113590094
0.5745945545031572 1.7190005342650594 3.187142801211663
4.048277653831473 3.183489730006037 9.76436615018693
6.731550830995385 9.824688438232174 0.3466248434320307
0.8183972414912222 8.483067983301199 1.0584083093242447
7.924784649112335 8.95206791482243 5.670872549214618
4.3993185280645095 1.0432601715965895 5.235577265912501
2.8924402718768274 8.538704959007358 5.539588516719948
7.8401812278805485 0.3688463442869072 6.460942007745536
5.578981697183114 9.0295277574707 2.731919072373523
5.087765395103996 2.515872137843739 3.056919247857157
2.098440266453794 9.891121345547877 5.01165093750196
1.8071790548032562 0.5244625643586021 7.529096467506745
0.6628024999516224 5.65657901550367 8.58322023362793
7.8504483582657825 4.950296173386894 5.471537288116343
8.772988837691916 7.716773116835355 4.190220512105697
7.926572600843757 4.736646526441276 3.0073596635625153
5.347297110388577 0.3942560278640761 9.86257671680184
1.9003000918186985 7.067048422319109 3.5446789618899386
1.7369440610698028 2.064436505818744 3.0890309841946895
9.489207898895893 2.130268538500152 6.7502419365890205
1.322692279855926 0.813077229831084 5.726605073099814
9.933753442109373 9.299044825078177 1.1636205442540482
4.6415392721744215 8.646180314218572 9.45549679982719
1.1957250039354161 9.925587651325428 1.412837431956988
5.767812225928722 4.62333837982388 5.712491342054598
5.328563879557691 6.612321945618161 7.885644531608396
6.44727493872422 0.7127986137396836 7.423141936372129
3.5087722143388755 2.716840956002695 1.5160126734308588
0.7032980649592735 1.6286770040888132 6.6062531495883645
1.6901972171278679 0.2552970000617616 6.338100336611502
3.2167568651442147 2.5896380044188607 1.1158242013100372
3.530270748948925 1.006975827761467 4.134208713991699
6.610887957850617 4.734284113067337 9.95661281393603
2.9459425469983835 9.191873345408366 7.071862730318071
3.20237256946424 3.960648453404078 2.2696045708752144
2.912456705564481 4.758719596878359 8.119860504680101
6.132663958742338 4.063419361513036 3.211467474990839
7.6644192987911754 2.217844594370929 4.404253838534408
8.86009522475077 2.279503982526896 6.4947648865581336
1.758693731314599 9.68506816046222 3.8819461205586125
4.533307558022771 4.495642617723076 9.729339042073995
5.194174598129397 7.9416902354463526 0.859768899358041
2.008590072377694 7.415155074309837 4.294609773991295
9.354815019888465 6.902670459345873 5.27720342068244
0.4150521526843054 6.637442648243517 6.131074626471057
3.568566658885426 1.9299884539118384 5.326708239715213
1.8781938949223154 7.805185047267965 0.38933128612614
7.8940216342005 0.40946852131567124 3.151058919717924
2.919154508767996 4.370711733274226 9.60745617802698
9.915163169040913 8.37432772091779 0.9950841237083363
0.25722312071391973 0.9938676310625849 8.26235677203698
4.118126050014349 1.623355251045776 6.4813344049990995
0.3293546305202022 8.69677516008778 2.886277902554127
3.336383622394714 7.630721466838667 3.5259361983403936
3.3434629208170086 3.472830065713622 6.153237959858471
5.995196998250037 5.931489922908425 1.9313111768075675
9.611928539898901 7.603458452782733 0.5878268300667588
7.894141358102079 0.9141851976442006 7.724456341938214
6.246572771514007 5.220747294172469 5.965286522390505
7.188428488713351 2.8503122380319734 5.909745681964372
6.983583649962299 5.129930700107027 7.6606057008125505
9.434749695702791 9.300270297177354 2.249088337003271
3.3625445345898806 3.2545024350898446 7.737791346675319
1.1433183025021398 8.984177820300566 4.9639491158525715
6.092582910984344 9.688838330942682 8.489519558941367
4.531377393265804 5.991985537590709 6.5860317304166
6.05422736781319 5.857774279732002 9.45180350133863
9.130013549475475 1.4959391453940218 0.4980561098749592
2.8301281101480136 2.02749903213347 4.106641173011621
2.799849209789922 8.554686723635882 2.6533501095056233
8.222337700693782 4.9440150126607865 4.995111469961044
2.5249347887121165 9.265673803156044 2.412124777940432
4.158171799369239 6.969702077925836 4.710062227339905
5.259607289587091 1.503148015768171 4.971143036982134
0.43925158094006544 8.239310330865631 2.106167241426964
9.000570407318193 9.314164370269015 3.2987276965166146
2.646465334515453 0.2769154839778032 5.4092228271136555
1.265163355863903 9.244172432234489 8.344010700947457
4.343274128406117 5.636618966570378 7.048369726585104
5.114585951101587 7.405616015897731 0.3122030894815464
8.655797565792748 2.6024766661426666 4.7655101576838295
4.824383432352017 4.934739516341766 0.44930574884830876
0.9539706976902651 5.176409985104906 3.6352475252309926
4.049166434216658 4.019494444382619 5.741760678253611
8.28601276966584 6.584600398837818 8.284800865410283
7.848471800850163 2.3098281521879516 8.609430766687538
9.469531565305463 3.6497328223705026 1.0337294580360468
6.948771584423956 0.09425539546221717 9.673140682619563
7.326540405133749 0.6338090593530588 2.5440150237275283
3.0445241312003093 4.965692616324645 5.348705566191492
6.945036506265706 4.798263866306371 7.516824066696061
9.439252238487697 1.0961242303955576 8.914552468834264
9.503810247501024 3.917653061195904 0.09664079082745691
2.7650479781748007 0.9535125482952367 6.0950977901611525
4.025874693023339 4.501898464252242 6.018679168645833
1.4835386185080568 3.0539823506899797 5.591122761146835
1.3140635068898987 1.4303569855235376 0.7025807367270409
2.1698538472373183 9.844976649290691 4.584367842679899
7.6234640033441226 7.197964280528014 1.964124065422932
8.738879617561789 0.22679890678220627 6.478109844632208
5.661717683724369 5.857288933071292 0.7655555688995586
5.534241425247347 4.675498853542248 7.158955939643522
8.070808768443003 1.0671526753888894 4.401445312902404
7.027876071090264 1.0329452826059715 0.24664732276532764
2.3925763074249717 4.20392030178903 0.13669843564164008
3.4534218952331597 2.3524119121068665 6.22619402901321
5.883322966490054 1.2497794092194303 7.961281817808468
8.420317739609535 6.771113405953701 4.336801684133445
5.617818636475804 1.856207881652826 3.655861081206889
6.046628506362344 3.2346169648529575 5.650197192288539